0.6448864 1.375 1
0.6838317 1.365079 1
0.5535714 1.05 1
0.4939229 1.216867 1
0.7470238 1.3125 1
0.683037 1.451613 1
0.6052632 1.263158 1
0.7116402 1.166667 1
0.579327 1.230769 1
0.5024469 1.18894 1
0.5958194 1.053691 1
0.4981177 1.231317 1
0.5494461 1.263345 1
0.5846153 1.153846 1
0.3998184 1.116041 1
0.5671055 1.305369 1
0.5657568 1.192308 1
0.4225306 1.260465 1
1.16 1 1
0.5571429 1.866667 1
0.5587314 1.06015 1
0.6663601 1.236364 1
0.6208291 1.869565 1
0.5749386 1.681818 1
0.6652174 1.15 1
0.6395833 1.2 1
0.6315836 1.320388 1
0.5046915 1.227679 1
0.5555556 2.5 1
0.6210938 1 1
0.4754441 1.137931 1
0.6210938 1 1
0.5555556 2.5 1
0.4754441 1.137931 1
0.5046915 1.227679 1
0.6395833 1.2 1
0.6315836 1.320388 1
0.5749386 1.681818 1
0.6663601 1.236364 1
0.6652174 1.15 1
0.6208291 1.869565 1
0.6135266 2.555556 1
0.5507246 1.095238 1
0.5439769 2.475138 1
0.5946366 1.147465 1
0.5583333 1.066667 1
0.479405 1.652174 1
0.54 1.333333 1
0.6121457 2.763473 1
1.111111 2 1
1.1875 1 1
0.639881 1.3125 1
0.6603776 1.018868 1
0.6218182 1.136364 1
0.6861111 1.111111 1
0.6264434 2.321782 1
0.569387 1.632094 1
0.5841317 2.639296 1
Infinity NaN 1
Infinity NaN 1
Infinity NaN 1
0.6218182 1.136364 1
0.6264434 2.321782 1
0.5841317 2.639296 1
0.6861111 1.111111 1
0.569387 1.632094 1
0.639881 1.3125 1
0.6603776 1.018868 1
1.1875 1 1
0.7280703 1.583333 1
0.6074768 1.175824 1
0.4904762 1.458333 1
0.556356 1.694915 1
0.706304 1.823529 1
0.5844156 1.272727 1
0.5378312 1.070707 1
0.6818182 1.833333 1
1.130952 2.333333 1
0.4625047 2.017361 1
0.4806074 1.359649 1
0.8289474 1.583333 1
0.5768345 1.402204 1
0.6688305 1.633588 1
0.6474904 1 1
0.7125539 1.178011 1
0.6507937 1.166667 1
0.7526882 1.291667 1
0.7272727 1.571429 1
0.4806074 1.359649 1
0.7272727 1.571429 1
0.7125539 1.178011 1
0.7526882 1.291667 1
0.6474904 1 1
0.6507937 1.166667 1
0.8289474 1.583333 1
0.5768345 1.402204 1
0.6688305 1.633588 1
0.5573771 1.742857 0
0.7305993 1.43662 0
1.25 1 0
0.6533613 1.647059 0
0.9935898 1.083333 0
0.8303571 1.142857 0
Infinity NaN 0
0.6533613 1.647059 0
0.8303571 1.142857 0
0.9935898 1.083333 0
0.8701299 3.181818 0
0.8924181 3.8125 0
0.7467145 1.148148 0
0.4935185 1.35 0
1.066667 1.8 0
0.8128655 1.055556 0
0.7008929 1.142857 0
0.8128657 1.055556 0
0.7008929 1.142857 0
0.3932634 2.351852 0
0.5027229 2.483871 0
1.064327 2.111111 0
1.025 3.2 0
1.028571 2.8 0
1.05 3.2 0
0.5882286 28.95183 0
0.8881391 2.75 0
1.035294 3.4 0
0.9285714 3.904762 0
1.027778 4 0
0.7521283 21.62162 0
1.035294 3.4 0
0.9167302 4.529412 0
0.9285713 3.230769 0
1 3.230769 0
0.947917 3.75 0
0.9240965 3.319999 0
0.8985509 2.948718 0
0.8287983 2.722222 0
0.877124 2.647059 0
0.9340659 3.714286 0
1 2.333333 0
0.952381 2.333333 0
0.9736843 3.8 0
1.09375 2.666667 0
0.9761902 3.321428 0
1.428571 3.5 0
1.125 2.666667 0
0.704079 12.44615 0
0.6007212 20.05091 0
0.9888889 2.5 0
0.8645833 2.666667 0
0.8750166 3.122449 0
0.8501286 2.409091 0
0.7769425 2.210526 0
0.9538462 2.6 0
0.9 3.2 0
0.8461539 2.166667 0
0.8339623 2.65 0
0.9846154 2.6 0
0.8184525 2.625 0
0.873518 1.913044 0
1.096154 3.25 0
0.9044116 3.238095 0
0.8740307 2.6875 0
0.8480001 2.4 0
0.8472222 2 0
0.8886945 2.25641 0
1.018433 2.214285 0
0.9818182 2.2 0
0.9682541 2.428572 0
0.945055 1.857143 0
1.041667 1.5 0
1.060606 1.833333 0
0.9722223 2 0
Infinity NaN 0
0.9722223 2 0
1.060606 1.833333 0
1.041667 1.5 0
0.9682541 2.428572 0
0.945055 1.857143 0
0.9818182 2.2 0
0.8886945 2.25641 0
1.018433 2.214285 0
0.8472222 2 0
0.8740307 2.6875 0
0.9044116 3.238095 0
0.8480001 2.4 0
1.096154 3.25 0
0.8184525 2.625 0
0.9846154 2.6 0
0.873518 1.913044 0
0.9 3.2 0
0.8339623 2.65 0
0.8750166 3.122449 0
0.8461539 2.166667 0
0.9538462 2.6 0
0.8645833 2.666667 0
0.7769425 2.210526 0
0.6007212 20.05091 0
0.8501286 2.409091 0
0.9888889 2.5 0
0.704079 12.44615 0
0.4437869 2 0
0.490854 4.275862 0
0.3192952 3.888261 0
2 1 0
2 1 0
1.333333 1.666667 0
1.222222 1 0
0.4119737 3.806452 0
1.222222 1 0
1.333333 1.666667 0
0.4119737 3.806452 0
0.800909 1 0
0.6147548 2.194139 0
0.7784491 3.297872 0
0.8106509 1 0
0.6395732 1.488636 0
0.6395732 1.488636 0
0.8106509 1 0
0.801282 1.083333 0
0.5150885 1 0
1.5 1.25 0
1.2 3.333333 0
0.4038461 2.166667 0
Infinity NaN 0
0.8022858 1.071429 0
1.083333 1.333333 0
0.6317346 1.020408 0
0.9306418 2.190476 0
0.5134764 2.055555 0
0.5134764 2.055555 0
0.9306418 2.190476 0
0.6317346 1.020408 0
0.8022858 1.071429 0
1.083333 1.333333 0
0.3249402 4.500481 0
2 1 0
2 1.5 0
2 1 0
2 1 0
2 1.5 0
1.666667 1.5 0
1.222222 1 0
1.134921 1.555556 0
0.4245517 4.310345 0
1.134921 1.555556 0
1.222222 1 0
1.666667 1.5 0
0.4245517 4.310345 0
1.060192 2.529412 0
1.083333 3 0
1.307692 3.25 0
0.9714286 2.8 0
1.05 3.2 0
0.892857 3.047619 0
0.8358804 2.457143 0
0.8194444 2 0
0.94 2 0
0.9454545 2.2 0
0.8030303 1.833333 0
1.025 2.5 0
0.8358804 2.457143 0
0.8194444 2 0
0.8030303 1.833333 0
0.9454545 2.2 0
1.025 2.5 0
0.94 2 0
0.8251559 6.210527 0
0.6370663 1.136691 0
0.8560575 4.038961 0
0.7787691 4.082803 0
0.8519323 5.027027 0
0.8731077 4.788462 0
0.5339143 2.036313 0
0.8003047 3.121951 0
0.7838983 2.602941 0
0.5958177 1.998724 0
0.7843567 3.166667 0
0.721092 1.121951 0
0.8121067 3.701031 0
0.613393 1.672474 0
0.7993966 4.588235 0
0.7993966 4.588235 0
0.5958177 1.998724 0
0.613393 1.672474 0
0.8121067 3.701031 0
0.721092 1.121951 0
0.7843567 3.166667 0
0.7838983 2.602941 0
0.6523653 1.825806 0
0.5089089 1.004396 0
0.788362 4.945946 0
0.7761276 5.611112 0
0.6941493 4.717391 0
0.6258891 1.947368 0
0.8551824 4.384 0
0.592653 1 0
0.7222222 1.6 0
0.6258891 1.947368 0
0.592653 1 0
0.8551824 4.384 0
0.7222222 1.6 0
2 1 0
0.924812 8.3125 0
2 1 0
2 1 0
2 1 0
0.2139755 1.83682 0
0.2876712 1.825 0
0.9431818 5.5 0
2 1 0
1.5 1.333333 0
1.5 1.333333 0
0.9431818 5.5 0
2 1 0
0.2876712 1.825 0
0.2142803 6.083035 0
2.5 1 0
0.7654805 4.27027 0
0.7268293 4.1 0
0.6225516 2.019047 0
0.8549691 4.882353 0
0.6652349 3.592592 0
0.8273875 5.086957 0
0.5354204 2.067308 0
0.638889 1.75 0
0.6103527 2.148148 0
0.5327828 1.748299 0
0.6238095 1.944444 0
0.8847926 4.428571 0
0.6858237 3.222222 0
0.8523809 4.285714 0
0.6094183 1 0
0.5908319 1.631579 0
0.6517657 1.124764 0
0.6094183 1 0
0.5908319 1.631579 0
0.6517657 1.124764 0
0.8523809 4.285714 0
0.6858237 3.222222 0
0.6238095 1.944444 0
0.8847926 4.428571 0
0.5646552 1.8125 0
0.6966672 1.418367 0
1.142857 1.428571 0
1.2 1.2 0
1.3 1.25 0
0.6213526 1.615942 0
0.9666666 1.2 0
0.7918552 1.307692 0
0.7918552 1.307692 0
0.6213526 1.615942 0
0.9666666 1.2 0
1.3 1.25 0
0.5329101 1.780488 0
0.7386364 1.454545 0
1.15 1.25 0
0.5882353 1.705882 0
0.9444444 1 0
0.76537 1.376812 0
0.76537 1.376812 0
0.5882353 1.705882 0
0.9444444 1 0
0.4656085 1.928571 0
0.6928571 1.4 0
2.25 1 0
0.7214286 1.4 0
2.25 1 0
0.5423281 1.928571 0
