0.5378152 1.214286 1
0.5536063 1.421053 1
0.5436508 1.4 1
0.5040651 1.366667 1
0.5469692 1.476744 1
0.5065885 1.295918 1
0.4516235 1.590909 1
0.5064002 1.671233 1
0.5436508 1.4 1
0.5040651 1.366667 1
0.6382979 1.566667 1
0.58125 2.4 1
0.4857143 1.514286 1
0.5055556 1.25 1
0.5000001 1.263158 1
0.5052632 1.31579 1
0.511 2.5 1
0.6227612 1.490446 1
0.5043104 1.37931 1
0.5556891 1.392857 1
0.4857143 1.514286 1
0.5055556 1.25 1
0.5000001 1.263158 1
0.5052632 1.31579 1
0.511 2.5 1
0.6227612 1.490446 1
0.5043104 1.37931 1
0.5556891 1.392857 1
0.4516235 1.590909 1
0.5064002 1.671233 1
0.5436508 1.4 1
0.5040651 1.366667 1
0.6382979 1.566667 1
0.58125 2.4 1
0.4857143 1.514286 1
0.5055556 1.25 1
0.5000001 1.263158 1
0.5052632 1.31579 1
0.511 2.5 1
0.6227612 1.490446 1
0.4977778 1.388889 1
0.5155556 1.388889 1
0.4962154 1.414634 1
0.5130435 1.15 1
0.4962154 1.414634 1
0.5130435 1.15 1
0.5043104 1.37931 1
0.5556891 1.392857 1
0.4962154 1.414634 1
0.6353624 1.393939 1
0.6513158 1.684211 1
0.4857143 1.514286 1
0.5055556 1.25 1
0.5000001 1.263158 1
0.5052632 1.31579 1
0.511 2.5 1
0.6227612 1.490446 1
0.5043104 1.37931 1
0.5556891 1.392857 1
0.5267971 1.465649 1
0.5570176 1.263158 1
0.4423077 1.733333 1
0.5469692 1.476744 1
0.5065885 1.295918 1
0.4785854 1.456522 1
0.4857143 1.514286 1
0.5055556 1.25 1
0.5000001 1.263158 1
0.5052632 1.31579 1
0.511 2.5 1
0.6227612 1.490446 1
0.5043104 1.37931 1
0.5556891 1.392857 1
0.4962154 1.414634 1
0.5130435 1.15 1
0.4399863 1.595041 1
0.492823 1.727273 1
0.3931624 1.384615 1
0.4768519 1.5 1
0.6346155 1.625 1
0.5785415 1.347826 1
0.6246153 1.442308 1
0.5733224 1.446154 1
0.492932 1.640288 1
0.5267971 1.465649 1
0.4962154 1.414634 1
0.5130435 1.15 1
0.5347369 1.31579 1
0.5222359 1.325581 1
0.5469692 1.476744 1
0.5065885 1.295918 1
0.4880074 1.387388 1
0.446457 1.541935 1
0.4977778 1.388889 1
0.5155556 1.388889 1
0.5446571 3.473684 1
0.4516235 1.590909 1
0.5064002 1.671233 1
0.5436508 1.4 1
0.5040651 1.366667 1
0.6382979 1.566667 1
0.58125 2.4 1
0.4423077 1.733333 1
0.5469692 1.476744 1
0.5065885 1.295918 1
0.4785854 1.456522 1
0.4959753 1.328358 1
0.5541486 1.37931 1
0.561493 1.380531 1
0.5651382 1.392523 1
0.5852632 1.31579 1
0.5094737 1.31579 1
0.4399863 1.595041 1
0.492823 1.727273 1
0.4399863 1.595041 1
0.492823 1.727273 1
0.3931624 1.384615 1
0.4768519 1.5 1
0.6346155 1.625 1
0.5785415 1.347826 1
0.6246153 1.442308 1
0.5733224 1.446154 1
0.5378152 1.214286 1
0.5536063 1.421053 1
0.5 1.214286 1
0.53125 1.142857 1
0.5042017 1.214286 1
0.5747799 2.740625 1
0.5347369 1.31579 1
0.5222359 1.325581 1
0.492932 1.640288 1
0.5267971 1.465649 1
0.4953858 1.627907 1
0.5694444 1.5 1
0.5384616 1.307692 1
0.620088 1.549618 1
0.7024045 1.442857 1
0.6637807 1.272727 1
0.4786325 1.384615 1
0.6063349 1.307692 1
0.5333334 1.133333 1
0.6346425 1.347826 1
0.5959752 1.789474 1
0.4423077 1.733333 1
0.5469692 1.476744 1
0.5065885 1.295918 1
0.4785854 1.456522 1
0.4857143 1.514286 1
0.5055556 1.25 1
0.5000001 1.263158 1
0.5052632 1.31579 1
0.511 2.5 1
0.6227612 1.490446 1
0.5043104 1.37931 1
0.5556891 1.392857 1
0.5050505 2.75 1
0.4399863 1.595041 1
0.492932 1.640288 1
0.5267971 1.465649 1
0.5469692 1.476744 1
0.5065885 1.295918 1
0.42 1.25 1
0.5570176 1.263158 1
0.6357895 1.31579 1
0.5029526 1.490196 1
0.4880074 1.387388 1
0.446457 1.541935 1
0.4977778 1.388889 1
0.5155556 1.388889 1
0.5446571 3.473684 1
0.4962154 1.414634 1
0.5130435 1.15 1
0.4959753 1.328358 1
0.5541486 1.37931 1
0.492823 1.727273 1
0.3931624 1.384615 1
0.4768519 1.5 1
0.662722 1.666667 1
0.5623249 1.349206 1
0.6158358 1.409091 1
0.561493 1.380531 1
0.5651382 1.392523 1
0.3964098 1.605042 1
0.5 1.322581 1
0.4399863 1.595041 1
0.492823 1.727273 1
0.3931624 1.384615 1
0.4768519 1.5 1
0.6346155 1.625 1
0.5785415 1.347826 1
0.6246153 1.442308 1
0.5733224 1.446154 1
0.4977778 1.388889 1
0.5155556 1.388889 1
0.5347369 1.31579 1
0.5222359 1.325581 1
0.6969697 1.466667 1
0.6938776 1.5 1
0.492932 1.640288 1
0.5267971 1.465649 1
0.4953858 1.627907 1
0.5694444 1.5 1
0.5384616 1.307692 1
0.620088 1.549618 1
0.7024045 1.442857 1
0.6637807 1.272727 1
0.42 1.25 1
0.5570176 1.263158 1
0.4880074 1.387388 1
0.446457 1.541935 1
0.4977778 1.388889 1
0.5155556 1.388889 1
0.5446571 3.473684 1
0.5237602 2 1
0.5654608 1.592593 1
0.452381 1.071429 1
0.8749999 4.833334 1
0.5469513 1.64 1
0.4959753 1.328358 1
0.5541486 1.37931 1
0.4959753 1.328358 1
0.5541486 1.37931 1
0.5347369 1.31579 1
0.5222359 1.325581 1
0.561493 1.380531 1
0.5651382 1.392523 1
0.3964098 1.605042 1
0.5347369 1.31579 1
0.5222359 1.325581 1
0.42 1.25 1
0.5570176 1.263158 1
0.4953858 1.627907 1
0.5694444 1.5 1
0.5384616 1.307692 1
0.620088 1.549618 1
0.7024045 1.442857 1
0.6637807 1.272727 1
0.4423077 1.733333 1
0.5469692 1.476744 1
0.5065885 1.295918 1
0.4785854 1.456522 1
0.561493 1.380531 1
0.5651382 1.392523 1
0.42 1.25 1
0.5570176 1.263158 1
0.561493 1.380531 1
0.5651382 1.392523 1
0.3964098 1.605042 1
0.5 1.322581 1
0.5050505 2.75 1
0.4399863 1.595041 1
0.3818603 1.426471 1
0.6180556 1.384615 1
0.6888889 1.4 1
0.4438503 1.294118 1
0.6656892 1.409091 1
0.7493975 1.318385 1
0.4953858 1.627907 1
0.5694444 1.5 1
0.5384616 1.307692 1
0.620088 1.549618 1
0.7024045 1.442857 1
0.6637807 1.272727 1
0.561493 1.380531 1
0.5651382 1.392523 1
0.3964098 1.605042 1
0.5 1.322581 1
0.5378152 1.214286 1
0.5536063 1.421053 1
0.5 1.214286 1
0.53125 1.142857 1
0.5042017 1.214286 1
0.4807692 1.584615 1
0.6292056 1.541667 1
0.5877778 2.777778 1
0.492823 1.727273 1
0.3931624 1.384615 1
0.4768519 1.5 1
0.662722 1.666667 1
0.5623249 1.349206 1
0.6158358 1.409091 1
0.4953858 1.627907 1
0.5694444 1.5 1
0.5384616 1.307692 1
0.620088 1.549618 1
0.7024045 1.442857 1
0.6637807 1.272727 1
0.492932 1.640288 1
0.5267971 1.465649 1
0.4880074 1.387388 1
0.446457 1.541935 1
0.4977778 1.388889 1
0.5155556 1.388889 1
0.5446571 3.473684 1
0.4959753 1.328358 1
0.5541486 1.37931 1
0.5347369 1.31579 1
0.5222359 1.325581 1
0.5462185 1.214286 1
0.4444278 1.842424 1
0.5811966 1.384615 1
0.6063349 1.307692 1
0.42 1.25 1
0.5570176 1.263158 1
0.5588235 1.214286 1
0.4461388 1.456522 1
0.561493 1.380531 1
0.5651382 1.392523 1
0.3964098 1.605042 1
0.5 1.322581 1
0.4953858 1.627907 1
0.5694444 1.5 1
0.5384616 1.307692 1
0.620088 1.549618 1
0.7024045 1.442857 1
0.6637807 1.272727 1
0.5172414 1.448276 1
0.508 1.25 1
0.5 1.214286 1
0.53125 1.142857 1
0.5042017 1.214286 1
0.4807692 1.584615 1
0.6292056 1.541667 1
0.5877778 2.777778 1
0.5 1.214286 1
0.53125 1.142857 1
0.5042017 1.214286 1
0.4807692 1.584615 1
0.6292056 1.541667 1
0.5877778 2.777778 1
0.4578125 1.716535 1
0.5282052 1.153846 1
0.6121212 1.363636 1
0.5299146 1.384615 1
0.4645757 1.7125 1
0.4860238 1.018868 1
0.5147679 1.556962 1
0.6524823 1.566667 1
0.5673077 2.6 1
0.4516235 1.590909 1
0.5064002 1.671233 1
0.5436508 1.4 1
0.5040651 1.366667 1
0.6382979 1.566667 1
0.58125 2.4 1
0.4857143 1.514286 1
0.5055556 1.25 1
0.5000001 1.263158 1
0.5052632 1.31579 1
0.511 2.5 1
0.6227612 1.490446 1
0.5043104 1.37931 1
0.5556891 1.392857 1
0.5201066 1.488372 1
0.5511112 1.388889 1
0.5043104 1.37931 1
0.5556891 1.392857 1
0.4962154 1.414634 1
0.6353624 1.393939 1
0.6513158 1.684211 1
0.4962154 1.414634 1
0.5130435 1.15 1
0.5378152 1.214286 1
0.5536063 1.421053 1
0.5555556 1.588235 1
0.53206 1.647482 1
0.6357895 1.31579 1
0.5029526 1.490196 1
0.5436508 1.4 1
0.5040651 1.366667 1
0.6357895 1.31579 1
0.5029526 1.490196 1
0.4423077 1.733333 1
0.5469692 1.476744 1
0.5065885 1.295918 1
0.4785854 1.456522 1
0.5050505 2.75 1
0.4399863 1.595041 1
0.492823 1.727273 1
0.3931624 1.384615 1
0.4768519 1.5 1
0.662722 1.666667 1
0.5623249 1.349206 1
0.6158358 1.409091 1
0.6357895 1.31579 1
0.5029526 1.490196 1
0.5055556 1.25 1
0.5000001 1.263158 1
0.5052632 1.31579 1
0.5341763 2.618012 1
0.492932 1.640288 1
0.5267971 1.465649 1
0.4959753 1.328358 1
0.5541486 1.37931 1
0.5347369 1.31579 1
0.5222359 1.325581 1
0.42 1.25 1
0.5570176 1.263158 1
0.3834586 2.947368 1
0.3953488 2.906977 1
0.561493 1.380531 1
0.5651382 1.392523 1
0.5 1.322581 1
0.4953858 1.627907 1
0.5694444 1.5 1
0.5384616 1.307692 1
0.620088 1.549618 1
0.7024045 1.442857 1
0.6637807 1.272727 1
0.4962154 1.414634 1
0.5130435 1.15 1
0.6357895 1.31579 1
0.5029526 1.490196 1
0.4516235 1.590909 1
0.5064002 1.671233 1
0.5436508 1.4 1
0.5040651 1.366667 1
0.6382979 1.566667 1
0.58125 2.4 1
0.4522746 4.083333 0
1.289683 10.28571 0
0.4791667 2 0
0.8153407 5.818182 0
1.444444 9 0
1.085106 9.400001 0
1.207243 10.14286 0
0.7310346 3.866667 0
1.087687 8.374999 0
0.8008655 6.787879 0
0.8947672 12.75758 0
1.153846 13 0
0.7883676 6.958333 0
0.9120001 5 0
0.8552988 5.5 0
0.8008655 6.787879 0
0.8947672 12.75758 0
1.045455 4.400001 0
1.025 3.125 0
0.827009 4.571429 0
0.7923167 6.621212 0
1.2 10 0
1.4 7.400001 0
0.9318519 8.333333 0
1.288288 6.166667 0
0.8809524 4.666667 0
0.8641868 4 0
1.214286 3.5 0
0.9583333 2.666667 0
1.2 10 0
1.4 7.400001 0
0.9318519 8.333333 0
1.288288 6.166667 0
0.8809524 4.666667 0
0.8641868 4 0
1.214286 3.5 0
0.9583333 2.666667 0
1.073684 7.6 0
0.9866072 3.5 0
0.9867674 9.999999 0
0.8620836 9.035714 0
1.285714 14 0
1.214286 14 0
0.6932712 15.77143 0
1.2 7.5 0
0.8038404 5.1875 0
0.8111111 10 0
1.230769 13 0
1.375 8 0
1.333333 8.333333 0
1.066416 4.071429 0
0.8095238 4.666667 0
1.082796 4.133333 0
0.5803572 2.285714 0
0.7275131 1.928571 0
2 6 0
0.7497805 1.970589 0
0.8363637 2.2 0
0.9749998 2.8 0
0.5500001 1.875 0
0.9973432 11.09524 0
0.9073964 5.941177 0
0.5018947 5.83534 0
0.6201299 1.766234 0
0.7842618 6.045455 0
0.5929297 5 0
0.8897181 3.722222 0
0.4783333 5.208333 0
0.8024691 3 0
0.5348557 2.6 0
1.125 5 0
0.6677536 5.217391 0
0.7004126 2.017241 0
0.8156862 1.764706 0
0.7733376 3.386364 0
1.041667 3 0
0.5769599 3.535211 0
1 4.5625 0
0.9920633 8.166667 0
0.8913043 3.833334 0
0.8802034 8.173913 0
0.752907 5.375 0
0.5330347 2.473684 0
0.6874999 3.8125 0
0.5796309 2.418182 0
0.7107024 2.26087 0
0.740012 2.205128 0
0.4451318 2.322034 0
0.4408718 4.716667 0
1.333333 9 0
1.285714 14 0
1.214286 14 0
0.6932712 15.77143 0
1.2 7.5 0
0.8038404 5.1875 0
0.8111111 10 0
1.230769 13 0
1.375 8 0
1.333333 8.333333 0
1.066416 4.071429 0
0.8095238 4.666667 0
1.082796 4.133333 0
0.3928151 2.429752 0
0.8000001 2.5 0
0.6444991 4.971428 0
0.6198854 2.065934 0
0.8076192 1.714286 0
0.7566288 3.490909 0
0.6407157 2.136364 0
0.7361112 1.777778 0
0.8 3.75 0
0.5919541 2.068966 0
0.8333333 2.25 0
0.7361113 3.375 0
0.6317073 5.466667 0
0.5 8 0
0.6830928 9.965517 0
0.7507351 4.046512 0
0.8846423 7.046511 0
0.5514627 5.106383 0
1.041881 6.923076 0
0.8921568 6.375 0
2 27 0
1.026948 9.491228 0
1.102564 4.333333 0
0.7777778 4 0
1.153846 13 0
0.3361526 2.741379 0
1 5.8 0
0.4933333 4.761905 0
1.2 15 0
0.9509038 5.870967 0
0.6222222 3.6 0
0.8601192 3.428571 0
0.5500001 1.875 0
0.9073964 5.941177 0
0.5018947 5.83534 0
0.6255984 1.653061 0
0.865689 3.548387 0
0.5982643 5.019293 0
1.272727 11 0
1.244477 13.85714 0
0.714286 4 0
0.3737782 3.148936 0
0.3764479 2.018018 0
0.4087619 2.1 0
0.6317073 5.466667 0
0.5 8 0
0.6830928 9.965517 0
0.7507351 4.046512 0
0.8846423 7.046511 0
0.5514627 5.106383 0
1.318966 7.25 0
1.4 10 0
1 4.5625 0
0.9920633 8.166667 0
0.9999998 7.083332 0
1.364706 6.8 0
1.857143 7 0
0.7878788 3.666667 0
0.9512195 3.416667 0
1.066667 2.777778 0
1.073684 7.6 0
0.9866072 3.5 0
1.272727 11 0
1.244477 13.85714 0
1.015625 4 0
1.045455 4.400001 0
1.230769 13 0
1.375 8 0
1.333333 8.333333 0
1.066416 4.071429 0
0.8095238 4.666667 0
1.082796 4.133333 0
0.6317073 5.466667 0
0.5 8 0
0.6830928 9.965517 0
0.7507351 4.046512 0
0.8846423 7.046511 0
0.5514627 5.106383 0
0.2783534 2.946237 0
0.9937501 5.9375 0
0.9999998 7.083332 0
1.364706 6.8 0
1.857143 7 0
0.7878788 3.666667 0
0.9512195 3.416667 0
1.066667 2.777778 0
1.073684 7.6 0
0.9866072 3.5 0
1.272727 11 0
1.244477 13.85714 0
0.8189654 5.800001 0
0.7500001 2 0
0.8861971 8.753847 0
0.5117646 5.3125 0
0.630303 2.933333 0
0.8688527 6.1 0
0.4615385 1.153846 0
0.8000001 4.333333 0
0.8008655 6.787879 0
0.8947672 12.75758 0
1.153846 13 0
0.7883676 6.958333 0
0.9120001 5 0
0.8552988 5.5 0
1.068571 3.571428 0
0.7043108 6.777777 0
0.714286 4 0
1.047619 2.333333 0
0.7207206 4.352941 0
0.7936508 2.333333 0
0.7310346 3.866667 0
1.125 6.625 0
1.087687 8.374999 0
0.8369289 3.042554 0
0.9427242 3.578947 0
0.8496733 3.777778 0
1.125 9.25 0
0.468085 4.361702 0
0.2890388 5.827027 0
1.041667 3.692307 0
0.5884752 3.315069 0
0.4083701 4.954955 0
0.5591781 8.759999 0
0.2850877 1.583333 0
0.8484849 3.666667 0
0.8352402 9.68421 0
0.8238637 2.75 0
0.6309841 5.875 0
0.9728165 5.741935 0
0.4431818 1.454545 0
1.272727 11 0
1.244477 13.85714 0
0.5803572 2.285714 0
0.9464287 4.285715 0
0.8290815 2 0
1.037037 3 0
0.7909603 1.966667 0
0.9817709 3 0
1.318966 7.25 0
1.4 10 0
1.428571 7 0
0.4385965 6.333333 0
1.5 10 0
0.8913043 3.833334 0
1 5 0
0.8802034 8.173913 0
0.9 4.166667 0
0.4107649 2.757813 0
0.8941798 2.333333 0
1.318966 7.25 0
1.4 10 0
0.6184012 1.961538 0
0.9189188 7.4 0
0.9999998 7.083332 0
1.364706 6.8 0
1.857143 7 0
0.7878788 3.666667 0
0.9512195 3.416667 0
1.066667 2.777778 0
1.073684 7.6 0
0.9866072 3.5 0
1.038568 18.00001 0
1.052154 9 0
1.1875 16 0
0.7180263 11.25688 0
0.8095455 6.060606 0
2.111111 9 0
2.071429 14 0
0.640411 6.083334 0
0.5573411 5 0
0.4 2.4 0
0.5714286 3.5 0
0.4408718 4.716667 0
1.333333 9 0
1.375 10 0
1.048295 11.63636 0
0.2586667 1.2 0
0.8417509 3.666667 0
0.8374384 5.178571 0
0.5500001 1.875 0
0.5018947 5.83534 0
0.6233766 1.571429 0
0.5932954 4.905085 0
0.6917564 1.722222 0
0.5938367 4.993443 0
0.6521739 1.769231 0
0.6113855 4.916667 0
0.8607 9.588236 0
0.8699633 5.571428 0
0.4615385 1.153846 0
0.8000001 4.333333 0
0.7043108 6.777777 0
0.5330347 2.473684 0
0.5796309 2.418182 0
0.6920441 2.084507 0
0.7051282 2.166667 0
0.7348558 4.301887 0
1.2 10 0
0.3455243 4.8875 0
1.160279 17.57143 0
1.060284 15.66667 0
1.418478 11.5 0
1.428571 7 0
1.586667 8.333333 0
0.9547299 15.41667 0
0.5015139 3.907407 0
1.2 5 0
0.441677 4.957143 0
0.8787879 7.333333 0
1.25 4 0
2 8 0
1.019184 6.619047 0
0.9731542 5.960001 0
0.5 2 0
0.5519481 3.142857 0
0.2120193 1.015625 0
0.4666667 1.333333 0
0.4452721 5.303703 0
0.2443182 2.75 0
0.5685308 4.103448 0
0.367359 4.049181 0
0.8235294 5.941176 0
0.3631436 4.555555 0
0.7222223 3.2 0
0.8787879 3.666667 0
1.857143 21 0
0.4 1.111111 0
1.318966 7.25 0
1.4 10 0
1.218488 4.857143 0
0.3181818 1.818182 0
1.166667 18 0
0.5185185 6 0
1.061688 9.625 0
0.4786708 4.148149 0
1.190477 18.66667 0
0.5416667 7.791666 0
0.5935126 6.855555 0
0.5941705 6.861539 0
1.05625 6.4 0
0.5611022 7.825 0
1 4.5625 0
0.3952992 3.25 0
1.230769 13 0
1.375 8 0
1.333333 8.333333 0
1.066416 4.071429 0
0.8095238 4.666667 0
1.082796 4.133333 0
1.333333 15 0
0.6386863 9.051725 0
1.4 10 0
0.9444444 5.833333 0
0.6644737 9.5 0
0.6644737 9.5 0
0.9444444 5.833333 0
0.96219 9.076923 0
1.037398 12.3 0
0.8008655 6.787879 0
1.153846 13 0
0.8235294 5.941176 0
1.586667 8.333333 0
0.5330347 2.473684 0
0.5796309 2.418182 0
0.5330347 2.473684 0
1.015625 4 0
1.307692 13 0
0.7697689 11 0
1.25 16 0
0.5666667 7.8 0
1.166667 8.999999 0
1.083333 7.083333 0
0.6285715 7.142857 0
0.6830928 9.965517 0
1.060268 9.142858 0
1.055556 8.999999 0
0.5330347 2.473684 0
0.5796309 2.418182 0
0.7308642 5.4 0
1.068571 3.571428 0
1.230769 13 0
1.375 8 0
1.333333 8.333333 0
1.066416 4.071429 0
0.8095238 4.666667 0
1.082796 4.133333 0
1.272727 11 0
1.244477 13.85714 0
0.902778 5.538462 0
1.018519 6 0
0.4280822 5.615385 0
1.4 10 0
0.6666667 6.599999 0
1.024181 15.44445 0
0.7361001 5.293103 0
1.272727 5.5 0
0.8012195 5.125 0
0.8506943 7.2 0
1.428571 7 0
0.4385965 6.333333 0
0.4375 5.4375 0
1.203704 10 0
0.9585254 8.857142 0
0.8186768 8.291667 0
0.9999998 7.083332 0
1.364706 6.8 0
1.073684 7.6 0
0.9866072 3.5 0
0.4666666 3 0
0.4 2.4 0
0.6306816 13.80392 0
1.1875 16 0
1.015625 4 0
1.045455 4.400001 0
0.5330347 2.473684 0
0.5796309 2.418182 0
0.7142858 3.5 0
0.7333334 2.5 0
0.7047619 2.142857 0
0.7361111 2 0
0.7310346 3.866667 0
0.4615385 1.153846 0
0.2890522 1.180555 0
0.7241379 1.115385 0
0.5124224 1.217391 0
0.8080658 2.852942 0
0.5155842 1.42735 0
0.8140349 2.878788 0
0.7033952 1.111111 0
0.508772 1.192982 0
0.893971 2.846153 0
0.7789857 1.043478 0
0.9913579 8.099999 0
1.093333 5.555556 0
1.32353 8.5 0
1.184769 9.888888 0
0.9954544 9.090909 0
0.2353669 2.037037 0
0.8244643 11.18182 0
0.6816111 5.709678 0
0.6306816 13.80392 0
1.1875 16 0
1.5 10 0
0.8802034 8.173913 0
0.5416667 4.833333 0
0.8070502 4.454546 0
0.7521393 9.510489 0
1.15125 20.81818 0
0.4398809 6.648937 0
0.7417949 5.463964 0
0.5227696 4.671642 0
1.318966 7.25 0
1.4 10 0
1.012766 4.7 0
1.333334 8.833334 0
0.8079407 9 0
0.9483723 11 0
0.8274376 5 0
0.7407408 4.909091 0
0.7986927 5.294118 0
0.6480529 6.473685 0
1.21393 7.444446 0
0.7044051 3.952381 0
0.9941521 3.8 0
0.9973432 11.09524 0
0.5018947 5.83534 0
1.5 10 0
0.8802034 8.173913 0
0.714286 4 0
1.015625 4 0
0.5803572 2.285714 0
0.7275131 1.928571 0
2 6 0
0.7497805 1.970589 0
0.8363637 2.2 0
0.9749998 2.8 0
1.4 7.4 0
0.4074074 3.351852 0
0.9138656 9.714286 0
0.4047619 2.333333 0
0.9012606 4.857143 0
0.5993118 2.092593 0
0.4301074 2.066667 0
0.5555557 4.814815 0
0.2232705 8.833333 0
0.2222222 8 0
0.5819595 7.583333 0
1.142857 35 0
1.015625 4 0
1.045455 4.400001 0
0.4408718 4.716667 0
1.333333 9 0
0.8913043 3.833334 0
0.8802034 8.173913 0
0.6253968 6.428572 0
1.067323 6.214286 0
0.612 5 0
1.207243 10.14286 0
0.8000001 4.333333 0
0.6869611 7.25 0
0.5786175 4.428571 0
0.9413581 5 0
0.8250001 5 0
0.7588692 3.727273 0
0.6060607 1.833333 0
1 4.5625 0
0.9920633 8.166667 0
1.272727 11 0
1.244477 13.85714 0
0.8008655 6.787879 0
0.7916669 8.833334 0
0.5609755 5.000001 0
0.6062626 4.157895 0
