0.5378152 1.214286 1.03007518796992 1
0.5536063 1.421053 0.925324675324675 1
0.5436508 1.4 0.986928104575163 1
0.5040651 1.366667 0.953795379537954 1
0.5469692 1.476744 0.762962962962963 1
0.5065885 1.295918 0.763358778625954 1
0.4516235 1.590909 0.5311004784689 1
0.5064002 1.671233 0.620253164556962 1
0.5436508 1.4 0.74169741697417 1
0.5040651 1.366667 0.780346820809249 1
0.6382979 1.566667 1.04545454545455 1
0.58125 2.4 1.1601866251944 1
0.4857143 1.514286 0.637931034482759 1
0.5055556 1.25 0.694158075601375 1
0.5000001 1.263158 0.73015873015873 1
0.5052632 1.31579 0.765811965811966 1
0.511 2.5 0.919354838709677 1
0.6227612 1.490446 0.935616438356164 1
0.5043104 1.37931 0.625668449197861 1
0.5556891 1.392857 0.742603550295858 1
0.4857143 1.514286 0.637931034482759 1
0.5055556 1.25 0.694158075601375 1
0.5000001 1.263158 0.73015873015873 1
0.5052632 1.31579 0.765811965811966 1
0.511 2.5 0.919354838709677 1
0.6227612 1.490446 0.935616438356164 1
0.5043104 1.37931 0.625668449197861 1
0.5556891 1.392857 0.742603550295858 1
0.4516235 1.590909 0.5311004784689 1
0.5064002 1.671233 0.620253164556962 1
0.5436508 1.4 0.74169741697417 1
0.5040651 1.366667 0.780346820809249 1
0.6382979 1.566667 1.04545454545455 1
0.58125 2.4 1.1601866251944 1
0.4857143 1.514286 0.637931034482759 1
0.5055556 1.25 0.694158075601375 1
0.5000001 1.263158 0.73015873015873 1
0.5052632 1.31579 0.765811965811966 1
0.511 2.5 0.919354838709677 1
0.6227612 1.490446 0.935616438356164 1
0.4977778 1.388889 0.79020979020979 1
0.5155556 1.388889 0.746794871794872 1
0.4962154 1.414634 0.792452830188679 1
0.5130435 1.15 0.8125 1
0.4962154 1.414634 0.792452830188679 1
0.5130435 1.15 0.8125 1
0.5043104 1.37931 0.625668449197861 1
0.5556891 1.392857 0.779456193353474 1
0.4962154 1.414634 0.769230769230769 1
0.6353624 1.393939 1.19727891156463 1
0.6513158 1.684211 1.39172749391728 1
0.4857143 1.514286 0.637931034482759 1
0.5055556 1.25 0.694158075601375 1
0.5000001 1.263158 0.73015873015873 1
0.5052632 1.31579 0.765811965811966 1
0.511 2.5 0.919354838709677 1
0.6227612 1.490446 0.935616438356164 1
0.5043104 1.37931 0.625668449197861 1
0.5556891 1.392857 0.742603550295858 1
0.5267971 1.465649 0.698324022346369 1
0.5570176 1.263158 0.777777777777778 1
0.4423077 1.733333 0.453947368421053 1
0.5469692 1.476744 0.599303135888502 1
0.5065885 1.295918 0.64975845410628 1
0.4785854 1.456522 0.613084112149533 1
0.4857143 1.514286 0.637931034482759 1
0.5055556 1.25 0.694158075601375 1
0.5000001 1.263158 0.73015873015873 1
0.5052632 1.31579 0.765811965811966 1
0.511 2.5 0.919354838709677 1
0.6227612 1.490446 0.935616438356164 1
0.5043104 1.37931 0.625668449197861 1
0.5556891 1.392857 0.742603550295858 1
0.4962154 1.414634 0.792452830188679 1
0.5130435 1.15 0.8125 1
0.4399863 1.595041 0.56390977443609 1
0.492823 1.727273 0.659259259259259 1
0.3931624 1.384615 0.608108108108108 1
0.4768519 1.5 0.634353741496599 1
0.6346155 1.625 0.942857142857143 1
0.5785415 1.347826 0.942857142857143 1
0.6246153 1.442308 0.954022988505747 1
0.5733224 1.446154 0.928358208955224 1
0.492932 1.640288 0.637931034482759 1
0.5267971 1.465649 0.692528735632184 1
0.4962154 1.414634 0.792452830188679 1
0.5130435 1.15 0.8125 1
0.5347369 1.31579 0.875862068965517 1
0.5222359 1.325581 0.836065573770492 1
0.5469692 1.476744 0.762962962962963 1
0.5065885 1.295918 0.763358778625954 1
0.4880074 1.387388 0.635036496350365 1
0.446457 1.541935 0.643504531722054 1
0.4977778 1.388889 0.705756929637527 1
0.5155556 1.388889 0.706896551724138 1
0.5446571 3.473684 1.03957382039574 1
0.4516235 1.590909 0.5311004784689 1
0.5064002 1.671233 0.620253164556962 1
0.5436508 1.4 0.74169741697417 1
0.5040651 1.366667 0.780346820809249 1
0.6382979 1.566667 1.04545454545455 1
0.58125 2.4 1.1601866251944 1
0.4423077 1.733333 0.453947368421053 1
0.5469692 1.476744 0.599303135888502 1
0.5065885 1.295918 0.64975845410628 1
0.4785854 1.456522 0.613084112149533 1
0.4959753 1.328358 0.551515151515152 1
0.5541486 1.37931 0.709030100334448 1
0.561493 1.380531 0.890909090909091 1
0.5651382 1.392523 0.894736842105263 1
0.5852632 1.31579 1.05714285714286 1
0.5094737 1.31579 0.971731448763251 1
0.4399863 1.595041 0.56390977443609 1
0.492823 1.727273 0.659259259259259 1
0.4399863 1.595041 0.56390977443609 1
0.492823 1.727273 0.659259259259259 1
0.3931624 1.384615 0.608108108108108 1
0.4768519 1.5 0.634353741496599 1
0.6346155 1.625 0.942857142857143 1
0.5785415 1.347826 0.942857142857143 1
0.6246153 1.442308 0.954022988505747 1
0.5733224 1.446154 0.928358208955224 1
0.5378152 1.214286 1.03007518796992 1
0.5536063 1.421053 0.925324675324675 1
0.5 1.214286 0.788079470198676 1
0.53125 1.142857 0.829268292682927 1
0.5042017 1.214286 0.819221967963387 1
0.5747799 2.740625 0.961538461538462 1
0.5347369 1.31579 0.875862068965517 1
0.5222359 1.325581 0.836065573770492 1
0.492932 1.640288 0.637931034482759 1
0.5267971 1.465649 0.692528735632184 1
0.4953858 1.627907 0.733333333333333 1
0.5694444 1.5 0.85036496350365 1
0.5384616 1.307692 0.864864864864865 1
0.620088 1.549618 1 1
0.7024045 1.442857 1.25255972696246 1
0.6637807 1.272727 1.28604651162791 1
0.4786325 1.384615 0.727272727272727 1
0.6063349 1.307692 0.904411764705882 1
0.5333334 1.133333 0.900943396226415 1
0.6346425 1.347826 1.03389830508475 1
0.5959752 1.789474 1.18106995884774 1
0.4423077 1.733333 0.453947368421053 1
0.5469692 1.476744 0.599303135888502 1
0.5065885 1.295918 0.64975845410628 1
0.4785854 1.456522 0.613084112149533 1
0.4857143 1.514286 0.637931034482759 1
0.5055556 1.25 0.694158075601375 1
0.5000001 1.263158 0.73015873015873 1
0.5052632 1.31579 0.765811965811966 1
0.511 2.5 0.919354838709677 1
0.6227612 1.490446 0.935616438356164 1
0.5043104 1.37931 0.625668449197861 1
0.5556891 1.392857 0.742603550295858 1
0.5050505 2.75 0.783783783783784 1
0.4399863 1.595041 0.670731707317073 1
0.492932 1.640288 0.637931034482759 1
0.5267971 1.465649 0.692528735632184 1
0.5469692 1.476744 0.762962962962963 1
0.5065885 1.295918 0.763358778625954 1
0.42 1.25 0.627118644067797 1
0.5570176 1.263158 0.766561514195584 1
0.6357895 1.31579 1.05128205128205 1
0.5029526 1.490196 0.832402234636871 1
0.4880074 1.387388 0.635036496350365 1
0.446457 1.541935 0.643504531722054 1
0.4977778 1.388889 0.705756929637527 1
0.5155556 1.388889 0.706896551724138 1
0.5446571 3.473684 1.03957382039574 1
0.4962154 1.414634 0.792452830188679 1
0.5130435 1.15 0.8125 1
0.4959753 1.328358 0.551515151515152 1
0.5541486 1.37931 0.709030100334448 1
0.492823 1.727273 0.751824817518248 1
0.3931624 1.384615 0.627009646302251 1
0.4768519 1.5 0.654945054945055 1
0.662722 1.666667 0.988304093567251 1
0.5623249 1.349206 0.976744186046512 1
0.6158358 1.409091 0.976744186046512 1
0.561493 1.380531 0.890909090909091 1
0.5651382 1.392523 0.894736842105263 1
0.3964098 1.605042 0.755882352941176 1
0.5 1.322581 0.696506550218341 1
0.4399863 1.595041 0.56390977443609 1
0.492823 1.727273 0.659259259259259 1
0.3931624 1.384615 0.608108108108108 1
0.4768519 1.5 0.634353741496599 1
0.6346155 1.625 0.942857142857143 1
0.5785415 1.347826 0.942857142857143 1
0.6246153 1.442308 0.954022988505747 1
0.5733224 1.446154 0.928358208955224 1
0.4977778 1.388889 0.79020979020979 1
0.5155556 1.388889 0.746794871794872 1
0.5347369 1.31579 0.875862068965517 1
0.5222359 1.325581 0.836065573770492 1
0.6969697 1.466667 1.66666666666667 1
0.6938776 1.5 1.64393939393939 1
0.492932 1.640288 0.637931034482759 1
0.5267971 1.465649 0.692528735632184 1
0.4953858 1.627907 0.733333333333333 1
0.5694444 1.5 0.85036496350365 1
0.5384616 1.307692 0.864864864864865 1
0.620088 1.549618 1 1
0.7024045 1.442857 1.25255972696246 1
0.6637807 1.272727 1.28604651162791 1
0.42 1.25 0.627118644067797 1
0.5570176 1.263158 0.766561514195584 1
0.4880074 1.387388 0.635036496350365 1
0.446457 1.541935 0.643504531722054 1
0.4977778 1.388889 0.705756929637527 1
0.5155556 1.388889 0.706896551724138 1
0.5446571 3.473684 1.03957382039574 1
0.5237602 2 0.65 1
0.5654608 1.592593 0.745833333333333 1
0.452381 1.071429 0.711688311688312 1
0.8749999 4.833334 0.682505399568035 1
0.5469513 1.64 0.675438596491228 1
0.4959753 1.328358 0.551515151515152 1
0.5541486 1.37931 0.709030100334448 1
0.4959753 1.328358 0.551515151515152 1
0.5541486 1.37931 0.709030100334448 1
0.5347369 1.31579 0.875862068965517 1
0.5222359 1.325581 0.836065573770492 1
0.561493 1.380531 0.890909090909091 1
0.5651382 1.392523 0.894736842105263 1
0.3964098 1.605042 0.755882352941176 1
0.5347369 1.31579 0.875862068965517 1
0.5222359 1.325581 0.836065573770492 1
0.42 1.25 0.627118644067797 1
0.5570176 1.263158 0.766561514195584 1
0.4953858 1.627907 0.733333333333333 1
0.5694444 1.5 0.85036496350365 1
0.5384616 1.307692 0.864864864864865 1
0.620088 1.549618 1 1
0.7024045 1.442857 1.25255972696246 1
0.6637807 1.272727 1.28604651162791 1
0.4423077 1.733333 0.453947368421053 1
0.5469692 1.476744 0.599303135888502 1
0.5065885 1.295918 0.64975845410628 1
0.4785854 1.456522 0.613084112149533 1
0.561493 1.380531 0.890909090909091 1
0.5651382 1.392523 0.894736842105263 1
0.42 1.25 0.627118644067797 1
0.5570176 1.263158 0.766561514195584 1
0.561493 1.380531 0.890909090909091 1
0.5651382 1.392523 0.894736842105263 1
0.3964098 1.605042 0.755882352941176 1
0.5 1.322581 0.696506550218341 1
0.5050505 2.75 0.783783783783784 1
0.4399863 1.595041 0.670731707317073 1
0.3818603 1.426471 0.496 1
0.6180556 1.384615 0.703962703962704 1
0.6888889 1.4 0.920212765957447 1
0.4438503 1.294118 0.669354838709677 1
0.6656892 1.409091 0.903448275862069 1
0.7493975 1.318385 1.03993855606759 1
0.4953858 1.627907 0.733333333333333 1
0.5694444 1.5 0.85036496350365 1
0.5384616 1.307692 0.864864864864865 1
0.620088 1.549618 1 1
0.7024045 1.442857 1.25255972696246 1
0.6637807 1.272727 1.28604651162791 1
0.561493 1.380531 0.890909090909091 1
0.5651382 1.392523 0.894736842105263 1
0.3964098 1.605042 0.755882352941176 1
0.5 1.322581 0.696506550218341 1
0.5378152 1.214286 1.03007518796992 1
0.5536063 1.421053 0.925324675324675 1
0.5 1.214286 0.788079470198676 1
0.53125 1.142857 0.829268292682927 1
0.5042017 1.214286 0.819221967963387 1
0.4807692 1.584615 0.768333333333333 1
0.6292056 1.541667 0.932203389830508 1
0.5877778 2.777778 1.13170731707317 1
0.492823 1.727273 0.751824817518248 1
0.3931624 1.384615 0.627009646302251 1
0.4768519 1.5 0.654945054945055 1
0.662722 1.666667 0.988304093567251 1
0.5623249 1.349206 0.976744186046512 1
0.6158358 1.409091 0.976744186046512 1
0.4953858 1.627907 0.733333333333333 1
0.5694444 1.5 0.85036496350365 1
0.5384616 1.307692 0.864864864864865 1
0.620088 1.549618 1 1
0.7024045 1.442857 1.25255972696246 1
0.6637807 1.272727 1.28604651162791 1
0.492932 1.640288 0.637931034482759 1
0.5267971 1.465649 0.692528735632184 1
0.4880074 1.387388 0.635036496350365 1
0.446457 1.541935 0.643504531722054 1
0.4977778 1.388889 0.705756929637527 1
0.5155556 1.388889 0.706896551724138 1
0.5446571 3.473684 1.03957382039574 1
0.4959753 1.328358 0.551515151515152 1
0.5541486 1.37931 0.709030100334448 1
0.5347369 1.31579 0.875862068965517 1
0.5222359 1.325581 0.836065573770492 1
0.5462185 1.214286 0.821428571428571 1
0.4444278 1.842424 0.546478873239437 1
0.5811966 1.384615 1.04615384615385 1
0.6063349 1.307692 1.08870967741935 1
0.42 1.25 0.627118644067797 1
0.5570176 1.263158 0.766561514195584 1
0.5588235 1.214286 0.970802919708029 1
0.4461388 1.456522 0.778846153846154 1
0.561493 1.380531 0.890909090909091 1
0.5651382 1.392523 0.894736842105263 1
0.3964098 1.605042 0.755882352941176 1
0.5 1.322581 0.696506550218341 1
0.4953858 1.627907 0.733333333333333 1
0.5694444 1.5 0.85036496350365 1
0.5384616 1.307692 0.864864864864865 1
0.620088 1.549618 1 1
0.7024045 1.442857 1.25255972696246 1
0.6637807 1.272727 1.28604651162791 1
0.5172414 1.448276 0.875 1
0.508 1.25 0.839622641509434 1
0.5 1.214286 0.788079470198676 1
0.53125 1.142857 0.829268292682927 1
0.5042017 1.214286 0.819221967963387 1
0.4807692 1.584615 0.768333333333333 1
0.6292056 1.541667 0.932203389830508 1
0.5877778 2.777778 1.13170731707317 1
0.5 1.214286 0.788079470198676 1
0.53125 1.142857 0.829268292682927 1
0.5042017 1.214286 0.819221967963387 1
0.4807692 1.584615 0.768333333333333 1
0.6292056 1.541667 0.932203389830508 1
0.5877778 2.777778 1.13170731707317 1
0.4578125 1.716535 0.56390977443609 1
0.5282052 1.153846 0.700787401574803 1
0.6121212 1.363636 0.808695652173913 1
0.5299146 1.384615 0.75609756097561 1
0.4645757 1.7125 0.597894736842105 1
0.4860238 1.018868 0.62111801242236 1
0.5147679 1.556962 0.624413145539906 1
0.6524823 1.566667 1.13609467455621 1
0.5673077 2.6 1.16446402349486 1
0.4516235 1.590909 0.5311004784689 1
0.5064002 1.671233 0.620253164556962 1
0.5436508 1.4 0.74169741697417 1
0.5040651 1.366667 0.780346820809249 1
0.6382979 1.566667 1.04545454545455 1
0.58125 2.4 1.1601866251944 1
0.4857143 1.514286 0.637931034482759 1
0.5055556 1.25 0.694158075601375 1
0.5000001 1.263158 0.73015873015873 1
0.5052632 1.31579 0.765811965811966 1
0.511 2.5 0.919354838709677 1
0.6227612 1.490446 0.935616438356164 1
0.5043104 1.37931 0.625668449197861 1
0.5556891 1.392857 0.742603550295858 1
0.5201066 1.488372 0.672131147540984 1
0.5511112 1.388889 0.723032069970845 1
0.5043104 1.37931 0.625668449197861 1
0.5556891 1.392857 0.779456193353474 1
0.4962154 1.414634 0.769230769230769 1
0.6353624 1.393939 1.19727891156463 1
0.6513158 1.684211 1.39172749391728 1
0.4962154 1.414634 0.792452830188679 1
0.5130435 1.15 0.8125 1
0.5378152 1.214286 1.03007518796992 1
0.5536063 1.421053 0.925324675324675 1
0.5555556 1.588235 0.711229946524064 1
0.53206 1.647482 0.645077720207254 1
0.6357895 1.31579 1.05128205128205 1
0.5029526 1.490196 0.832402234636871 1
0.5436508 1.4 0.986928104575163 1
0.5040651 1.366667 0.953795379537954 1
0.6357895 1.31579 1.05128205128205 1
0.5029526 1.490196 0.832402234636871 1
0.4423077 1.733333 0.453947368421053 1
0.5469692 1.476744 0.599303135888502 1
0.5065885 1.295918 0.64975845410628 1
0.4785854 1.456522 0.613084112149533 1
0.5050505 2.75 0.783783783783784 1
0.4399863 1.595041 0.670731707317073 1
0.492823 1.727273 0.751824817518248 1
0.3931624 1.384615 0.627009646302251 1
0.4768519 1.5 0.654945054945055 1
0.662722 1.666667 0.988304093567251 1
0.5623249 1.349206 0.976744186046512 1
0.6158358 1.409091 0.976744186046512 1
0.6357895 1.31579 1.05128205128205 1
0.5029526 1.490196 0.832402234636871 1
0.5055556 1.25 0.777777777777778 1
0.5000001 1.263158 0.790262172284644 1
0.5052632 1.31579 0.819951338199513 1
0.5341763 2.618012 0.909090909090909 1
0.492932 1.640288 0.637931034482759 1
0.5267971 1.465649 0.692528735632184 1
0.4959753 1.328358 0.551515151515152 1
0.5541486 1.37931 0.709030100334448 1
0.5347369 1.31579 0.875862068965517 1
0.5222359 1.325581 0.836065573770492 1
0.42 1.25 0.627118644067797 1
0.5570176 1.263158 0.766561514195584 1
0.3834586 2.947368 0.342465753424658 1
0.3953488 2.906977 0.338582677165354 1
0.561493 1.380531 0.890909090909091 1
0.5651382 1.392523 0.894736842105263 1
0.5 1.322581 0.76878612716763 1
0.4953858 1.627907 0.733333333333333 1
0.5694444 1.5 0.85036496350365 1
0.5384616 1.307692 0.864864864864865 1
0.620088 1.549618 1 1
0.7024045 1.442857 1.25255972696246 1
0.6637807 1.272727 1.28604651162791 1
0.4962154 1.414634 0.792452830188679 1
0.5130435 1.15 0.8125 1
0.6357895 1.31579 1.05128205128205 1
0.5029526 1.490196 0.832402234636871 1
0.4516235 1.590909 0.5311004784689 1
0.5064002 1.671233 0.620253164556962 1
0.5436508 1.4 0.74169741697417 1
0.5040651 1.366667 0.780346820809249 1
0.6382979 1.566667 1.04545454545455 1
0.58125 2.4 1.1601866251944 1
0.4522746 4.083333 0.271739130434783 0
1.289683 10.28571 0.296 0
0.4791667 2 0.496402877697842 0
0.8153407 5.818182 0.875 0
1.444444 9 1.05128205128205 0
1.085106 9.400001 0.571428571428571 0
1.207243 10.14286 0.774193548387097 0
0.7310346 3.866667 0.428571428571429 0
1.087687 8.374999 0.466666666666667 0
0.8008655 6.787879 0.457142857142857 0
0.8947672 12.75758 0.6 0
1.153846 13 0.661016949152542 0
0.7883676 6.958333 0.407216494845361 0
0.9120001 5 0.409638554216867 0
0.8552988 5.5 0.43 0
0.8008655 6.787879 0.457142857142857 0
0.8947672 12.75758 0.6 0
1.045455 4.400001 0.565789473684211 0
1.025 3.125 0.953488372093023 0
0.827009 4.571429 0.55 0
0.7923167 6.621212 0.4175 0
1.2 10 1.2 0
1.4 7.400001 1.11764705882353 0
0.9318519 8.333333 0.692307692307692 0
1.288288 6.166667 0.723076923076923 0
0.8809524 4.666667 1.60869565217391 0
0.8641868 4 1.45454545454545 0
1.214286 3.5 1.58823529411765 0
0.9583333 2.666667 1.625 0
1.2 10 1.2 0
1.4 7.400001 1.11764705882353 0
0.9318519 8.333333 0.692307692307692 0
1.288288 6.166667 0.723076923076923 0
0.8809524 4.666667 1.60869565217391 0
0.8641868 4 1.45454545454545 0
1.214286 3.5 1.58823529411765 0
0.9583333 2.666667 1.625 0
1.073684 7.6 0.666666666666667 0
0.9866072 3.5 0.862068965517241 0
0.9867674 9.999999 1.5 0
0.8620836 9.035714 1.34 0
1.285714 14 1.5 0
1.214286 14 1.4 0
0.6932712 15.77143 0.923076923076923 0
1.2 7.5 3 0
0.8038404 5.1875 1.73170731707317 0
0.8111111 10 1.56521739130435 0
1.230769 13 1.33333333333333 0
1.375 8 1.42105263157895 0
1.333333 8.333333 1.2962962962963 0
1.066416 4.071429 1.35294117647059 0
0.8095238 4.666667 1.32558139534884 0
1.082796 4.133333 1.26666666666667 0
0.5803572 2.285714 0.481481481481481 0
0.7275131 1.928571 0.545454545454545 0
2 6 0.782608695652174 0
0.7497805 1.970589 0.636363636363636 0
0.8363637 2.2 0.753623188405797 0
0.9749998 2.8 0.811111111111111 0
0.5500001 1.875 0.628571428571429 0
0.9973432 11.09524 0.728813559322034 0
0.9073964 5.941177 0.754940711462451 0
0.5018947 5.83534 0.586690017513135 0
0.6201299 1.766234 0.931707317073171 0
0.7842618 6.045455 0.738888888888889 0
0.5929297 5 0.588675213675214 0
0.8897181 3.722222 0.604698672114402 0
0.4783333 5.208333 0.259259259259259 0
0.8024691 3 0.302816901408451 0
0.5348557 2.6 0.313364055299539 0
1.125 5 0.336244541484716 0
0.6677536 5.217391 0.333333333333333 0
0.7004126 2.017241 0.680555555555556 0
0.8156862 1.764706 0.778846153846154 0
0.7733376 3.386364 0.805369127516778 0
1.041667 3 0.869565217391304 0
0.5769599 3.535211 0.765873015873016 0
1 4.5625 0.8 0
0.9920633 8.166667 0.672727272727273 0
0.8913043 3.833334 0.521739130434783 0
0.8802034 8.173913 0.557377049180328 0
0.752907 5.375 0.285714285714286 0
0.5330347 2.473684 0.451612903225806 0
0.6874999 3.8125 0.404580152671756 0
0.5796309 2.418182 0.428571428571429 0
0.7107024 2.26087 1.21951219512195 0
0.740012 2.205128 0.969230769230769 0
0.4451318 2.322034 0.771186440677966 0
0.4408718 4.716667 0.431818181818182 0
1.333333 9 0.520833333333333 0
1.285714 14 1.5 0
1.214286 14 1.4 0
0.6932712 15.77143 0.923076923076923 0
1.2 7.5 3 0
0.8038404 5.1875 1.73170731707317 0
0.8111111 10 1.56521739130435 0
1.230769 13 1.33333333333333 0
1.375 8 1.42105263157895 0
1.333333 8.333333 1.2962962962963 0
1.066416 4.071429 1.35294117647059 0
0.8095238 4.666667 1.32558139534884 0
1.082796 4.133333 1.26666666666667 0
0.3928151 2.429752 0.26984126984127 0
0.8000001 2.5 0.311627906976744 0
0.6444991 4.971428 0.312925170068027 0
0.6198854 2.065934 0.91304347826087 0
0.8076192 1.714286 1 0
0.7566288 3.490909 0.8 0
0.6407157 2.136364 0.54639175257732 0
0.7361112 1.777778 0.613333333333333 0
0.8 3.75 0.723735408560311 0
0.5919541 2.068966 0.605882352941176 0
0.8333333 2.25 0.7 0
0.7361113 3.375 0.690839694656489 0
0.6317073 5.466667 0.428571428571429 0
0.5 8 0.504424778761062 0
0.6830928 9.965517 0.488095238095238 0
0.7507351 4.046512 0.518987341772152 0
0.8846423 7.046511 0.821428571428571 0
0.5514627 5.106383 0.642276422764228 0
1.041881 6.923076 0.547619047619048 0
0.8921568 6.375 0.60655737704918 0
2 27 1.44444444444444 0
1.026948 9.491228 0.5 0
1.102564 4.333333 0.701657458563536 0
0.7777778 4 0.75609756097561 0
1.153846 13 1.15384615384615 0
0.3361526 2.741379 0.544910179640719 0
1 5.8 0.571428571428571 0
0.4933333 4.761905 0.521739130434783 0
1.2 15 0.622641509433962 0
0.9509038 5.870967 1.37037037037037 0
0.6222222 3.6 1.09411764705882 0
0.8601192 3.428571 1.03252032520325 0
0.5500001 1.875 0.628571428571429 0
0.9073964 5.941177 0.665198237885463 0
0.5018947 5.83534 0.541284403669725 0
0.6255984 1.653061 0.931707317073171 0
0.865689 3.548387 0.97008547008547 0
0.5982643 5.019293 0.971238938053097 0
1.272727 11 1.4 0
1.244477 13.85714 1.17391304347826 0
0.714286 4 0.538461538461538 0
0.3737782 3.148936 0.333333333333333 0
0.3764479 2.018018 0.39344262295082 0
0.4087619 2.1 0.4625 0
0.6317073 5.466667 0.428571428571429 0
0.5 8 0.504424778761062 0
0.6830928 9.965517 0.488095238095238 0
0.7507351 4.046512 0.518987341772152 0
0.8846423 7.046511 0.821428571428571 0
0.5514627 5.106383 0.642276422764228 0
1.318966 7.25 1.28571428571429 0
1.4 10 1.53333333333333 0
1 4.5625 0.8 0
0.9920633 8.166667 0.672727272727273 0
0.9999998 7.083332 0.666666666666667 0
1.364706 6.8 0.645161290322581 0
1.857143 7 0.970588235294118 0
0.7878788 3.666667 1.18181818181818 0
0.9512195 3.416667 1.1 0
1.066667 2.777778 1.21428571428571 0
1.073684 7.6 0.666666666666667 0
0.9866072 3.5 0.862068965517241 0
1.272727 11 1.4 0
1.244477 13.85714 1.17391304347826 0
1.015625 4 0.481481481481481 0
1.045455 4.400001 0.506849315068493 0
1.230769 13 1.33333333333333 0
1.375 8 1.42105263157895 0
1.333333 8.333333 1.2962962962963 0
1.066416 4.071429 1.35294117647059 0
0.8095238 4.666667 1.32558139534884 0
1.082796 4.133333 1.26666666666667 0
0.6317073 5.466667 0.428571428571429 0
0.5 8 0.504424778761062 0
0.6830928 9.965517 0.488095238095238 0
0.7507351 4.046512 0.518987341772152 0
0.8846423 7.046511 0.821428571428571 0
0.5514627 5.106383 0.642276422764228 0
0.2783534 2.946237 0.263368983957219 0
0.9937501 5.9375 0.309907834101383 0
0.9999998 7.083332 0.666666666666667 0
1.364706 6.8 0.645161290322581 0
1.857143 7 0.970588235294118 0
0.7878788 3.666667 1.18181818181818 0
0.9512195 3.416667 1.1 0
1.066667 2.777778 1.21428571428571 0
1.073684 7.6 0.666666666666667 0
0.9866072 3.5 0.862068965517241 0
1.272727 11 1.4 0
1.244477 13.85714 1.17391304347826 0
0.8189654 5.800001 0.27536231884058 0
0.7500001 2 0.33695652173913 0
0.8861971 8.753847 0.232876712328767 0
0.5117646 5.3125 0.23121387283237 0
0.630303 2.933333 0.571428571428571 0
0.8688527 6.1 0.394285714285714 0
0.4615385 1.153846 0.473684210526316 0
0.8000001 4.333333 0.567567567567568 0
0.8008655 6.787879 0.457142857142857 0
0.8947672 12.75758 0.6 0
1.153846 13 0.661016949152542 0
0.7883676 6.958333 0.407216494845361 0
0.9120001 5 0.409638554216867 0
0.8552988 5.5 0.43 0
1.068571 3.571428 1.1 0
0.7043108 6.777777 0.7 0
0.714286 4 0.644736842105263 0
1.047619 2.333333 2.2 0
0.7207206 4.352941 1.34615384615385 0
0.7936508 2.333333 1.21951219512195 0
0.7310346 3.866667 0.428571428571429 0
1.125 6.625 0.464788732394366 0
1.087687 8.374999 0.488888888888889 0
0.8369289 3.042554 1.15384615384615 0
0.9427242 3.578947 0.943661971830986 0
0.8496733 3.777778 0.854545454545455 0
1.125 9.25 0.230769230769231 0
0.468085 4.361702 0.24031007751938 0
0.2890388 5.827027 0.257142857142857 0
1.041667 3.692307 1.66666666666667 0
0.5884752 3.315069 1 0
0.4083701 4.954955 0.275541795665635 0
0.5591781 8.759999 0.315789473684211 0
0.2850877 1.583333 0.300813008130081 0
0.8484849 3.666667 0.318996415770609 0
0.8352402 9.68421 0.303030303030303 0
0.8238637 2.75 1.12903225806452 0
0.6309841 5.875 0.550943396226415 0
0.9728165 5.741935 0.657439446366782 0
0.4431818 1.454545 0.597560975609756 0
1.272727 11 1.4 0
1.244477 13.85714 1.17391304347826 0
0.5803572 2.285714 0.481481481481481 0
0.9464287 4.285715 0.583333333333333 0
0.8290815 2 1.36842105263158 0
1.037037 3 1.74193548387097 0
0.7909603 1.966667 1.07692307692308 0
0.9817709 3 1.21276595744681 0
1.318966 7.25 1.28571428571429 0
1.4 10 1.53333333333333 0
1.428571 7 1.66666666666667 0
0.4385965 6.333333 0.573770491803279 0
1.5 10 2.14285714285714 0
0.8913043 3.833334 0.9 0
1 5 0.7 0
0.8802034 8.173913 0.647727272727273 0
0.9 4.166667 0.54 0
0.4107649 2.757813 0.382352941176471 0
0.8941798 2.333333 0.455252918287938 0
1.318966 7.25 1.28571428571429 0
1.4 10 1.53333333333333 0
0.6184012 1.961538 0.555555555555556 0
0.9189188 7.4 0.468354430379747 0
0.9999998 7.083332 0.666666666666667 0
1.364706 6.8 0.645161290322581 0
1.857143 7 0.970588235294118 0
0.7878788 3.666667 1.18181818181818 0
0.9512195 3.416667 1.1 0
1.066667 2.777778 1.21428571428571 0
1.073684 7.6 0.666666666666667 0
0.9866072 3.5 0.862068965517241 0
1.038568 18.00001 0.296296296296296 0
1.052154 9 0.32 0
1.1875 16 0.421428571428571 0
0.7180263 11.25688 0.813725490196078 0
0.8095455 6.060606 0.67032967032967 0
2.111111 9 19 0
2.071429 14 24 0
0.640411 6.083334 0.636363636363636 0
0.5573411 5 0.553956834532374 0
0.4 2.4 0.444444444444444 0
0.5714286 3.5 0.457142857142857 0
0.4408718 4.716667 0.431818181818182 0
1.333333 9 0.520833333333333 0
1.375 10 0.469230769230769 0
1.048295 11.63636 0.503184713375796 0
0.2586667 1.2 0.246882793017456 0
0.8417509 3.666667 0.280542986425339 0
0.8374384 5.178571 0.306715063520871 0
0.5500001 1.875 0.628571428571429 0
0.5018947 5.83534 0.522727272727273 0
0.6233766 1.571429 1.25490196078431 0
0.5932954 4.905085 0.597345132743363 0
0.6917564 1.722222 1.03208556149733 0
0.5938367 4.993443 0.707826086956522 0
0.6521739 1.769231 1.38297872340426 0
0.6113855 4.916667 0.427094105480869 0
0.8607 9.588236 0.521739130434783 0
0.8699633 5.571428 0.63953488372093 0
0.4615385 1.153846 0.473684210526316 0
0.8000001 4.333333 0.567567567567568 0
0.7043108 6.777777 0.6 0
0.5330347 2.473684 0.619047619047619 0
0.5796309 2.418182 0.541176470588235 0
0.6920441 2.084507 1.46153846153846 0
0.7051282 2.166667 1.45652173913043 0
0.7348558 4.301887 1.01111111111111 0
1.2 10 1.2 0
0.3455243 4.8875 0.327868852459016 0
1.160279 17.57143 0.335 0
1.060284 15.66667 0.330882352941176 0
1.418478 11.5 0.331103678929766 0
1.428571 7 0.357377049180328 0
1.586667 8.333333 0.371794871794872 0
0.9547299 15.41667 0.331018518518519 0
0.5015139 3.907407 0.587628865979381 0
1.2 5 0.764150943396226 0
0.441677 4.957143 0.627692307692308 0
0.8787879 7.333333 0.729805013927577 0
1.25 4 0.770491803278688 0
2 8 0.809782608695652 0
1.019184 6.619047 0.777777777777778 0
0.9731542 5.960001 0.744186046511628 0
0.5 2 0.4 0
0.5519481 3.142857 0.385416666666667 0
0.2120193 1.015625 0.282164549972391 0
0.4666667 1.333333 0.295674300254453 0
0.4452721 5.303703 0.305999136814847 0
0.2443182 2.75 0.26219512195122 0
0.5685308 4.103448 0.279816513761468 0
0.367359 4.049181 0.294314381270903 0
0.8235294 5.941176 0.320754716981132 0
0.3631436 4.555555 0.468531468531469 0
0.7222223 3.2 0.498533724340176 0
0.8787879 3.666667 0.552777777777778 0
1.857143 21 7.8 0
0.4 1.111111 0.949367088607595 0
1.318966 7.25 1.28571428571429 0
1.4 10 1.53333333333333 0
1.218488 4.857143 0.555555555555556 0
0.3181818 1.818182 0.358208955223881 0
1.166667 18 1.23529411764706 0
0.5185185 6 0.753846153846154 0
1.061688 9.625 0.290322580645161 0
0.4786708 4.148149 0.287878787878788 0
1.190477 18.66667 0.227272727272727 0
0.5416667 7.791666 0.283478260869565 0
0.5935126 6.855555 0.346256684491979 0
0.5941705 6.861539 0.209486166007905 0
1.05625 6.4 0.40625 0
0.5611022 7.825 0.31404958677686 0
1 4.5625 0.8 0
0.3952992 3.25 0.417322834645669 0
1.230769 13 1.33333333333333 0
1.375 8 1.42105263157895 0
1.333333 8.333333 1.2962962962963 0
1.066416 4.071429 1.35294117647059 0
0.8095238 4.666667 1.32558139534884 0
1.082796 4.133333 1.26666666666667 0
1.333333 15 1.66666666666667 0
0.6386863 9.051725 0.888888888888889 0
1.4 10 0.975 0
0.9444444 5.833333 1.61538461538462 0
0.6644737 9.5 1.19166666666667 0
0.6644737 9.5 1.07446808510638 0
0.9444444 5.833333 1.19166666666667 0
0.96219 9.076923 0.75 0
1.037398 12.3 0.350877192982456 0
0.8008655 6.787879 0.457142857142857 0
1.153846 13 0.566265060240964 0
0.8235294 5.941176 0.736842105263158 0
1.586667 8.333333 0.807692307692308 0
0.5330347 2.473684 0.636363636363636 0
0.5796309 2.418182 0.523076923076923 0
0.5330347 2.473684 0.636363636363636 0
1.015625 4 0.621212121212121 0
1.307692 13 1.54545454545455 0
0.7697689 11 0.423076923076923 0
1.25 16 1.42857142857143 0
0.5666667 7.8 0.60655737704918 0
1.166667 8.999999 0.265822784810127 0
1.083333 7.083333 0.278688524590164 0
0.6285715 7.142857 0.297297297297297 0
0.6830928 9.965517 0.364341085271318 0
1.060268 9.142858 0.2375 0
1.055556 8.999999 0.236024844720497 0
0.5330347 2.473684 0.636363636363636 0
0.5796309 2.418182 0.523076923076923 0
0.7308642 5.4 0.285714285714286 0
1.068571 3.571428 0.442307692307692 0
1.230769 13 1.33333333333333 0
1.375 8 1.42105263157895 0
1.333333 8.333333 1.2962962962963 0
1.066416 4.071429 1.35294117647059 0
0.8095238 4.666667 1.32558139534884 0
1.082796 4.133333 1.26666666666667 0
1.272727 11 1.4 0
1.244477 13.85714 1.17391304347826 0
0.902778 5.538462 0.40625 0
1.018519 6 0.39344262295082 0
0.4280822 5.615385 0.357142857142857 0
1.4 10 0.5 0
0.6666667 6.599999 0.363095238095238 0
1.024181 15.44445 0.353909465020576 0
0.7361001 5.293103 1.04081632653061 0
1.272727 5.5 1.3859649122807 0
0.8012195 5.125 0.794871794871795 0
0.8506943 7.2 0.816037735849057 0
1.428571 7 1.66666666666667 0
0.4385965 6.333333 0.573770491803279 0
0.4375 5.4375 0.230769230769231 0
1.203704 10 0.253521126760563 0
0.9585254 8.857142 0.695652173913043 0
0.8186768 8.291667 0.30952380952381 0
0.9999998 7.083332 0.666666666666667 0
1.364706 6.8 0.645161290322581 0
1.073684 7.6 0.666666666666667 0
0.9866072 3.5 0.862068965517241 0
0.4666666 3 0.388888888888889 0
0.4 2.4 0.422222222222222 0
0.6306816 13.80392 0.45 0
1.1875 16 0.578947368421053 0
1.015625 4 0.481481481481481 0
1.045455 4.400001 0.506849315068493 0
0.5330347 2.473684 0.636363636363636 0
0.5796309 2.418182 0.523076923076923 0
0.7142858 3.5 0.518072289156627 0
0.7333334 2.5 0.702127659574468 0
0.7047619 2.142857 1.14432989690722 0
0.7361111 2 1.26515151515152 0
0.7310346 3.866667 0.428571428571429 0
0.4615385 1.153846 0.446808510638298 0
0.2890522 1.180555 0.341346153846154 0
0.7241379 1.115385 0.875 0
0.5124224 1.217391 0.743243243243243 0
0.8080658 2.852942 0.74384236453202 0
0.5155842 1.42735 0.817204301075269 0
0.8140349 2.878788 0.827586206896552 0
0.7033952 1.111111 0.890710382513661 0
0.508772 1.192982 0.654545454545455 0
0.893971 2.846153 0.741935483870968 0
0.7789857 1.043478 0.858695652173913 0
0.9913579 8.099999 0.379310344827586 0
1.093333 5.555556 0.389830508474576 0
1.32353 8.5 0.391304347826087 0
1.184769 9.888888 0.407407407407407 0
0.9954544 9.090909 0.333333333333333 0
0.2353669 2.037037 0.256544502617801 0
0.8244643 11.18182 0.270588235294118 0
0.6816111 5.709678 0.263157894736842 0
0.6306816 13.80392 0.45 0
1.1875 16 0.578947368421053 0
1.5 10 2.14285714285714 0
0.8802034 8.173913 0.822222222222222 0
0.5416667 4.833333 0.30952380952381 0
0.8070502 4.454546 0.417910447761194 0
0.7521393 9.510489 0.632558139534884 0
1.15125 20.81818 0.663829787234043 0
0.4398809 6.648937 0.536193029490617 0
0.7417949 5.463964 1.35294117647059 0
0.5227696 4.671642 1.06390977443609 0
1.318966 7.25 1.28571428571429 0
1.4 10 1.53333333333333 0
1.012766 4.7 0.538461538461538 0
1.333334 8.833334 0.523809523809524 0
0.8079407 9 0.505882352941176 0
0.9483723 11 0.370588235294118 0
0.8274376 5 0.577464788732394 0
0.7407408 4.909091 0.582191780821918 0
0.7986927 5.294118 0.63768115942029 0
0.6480529 6.473685 0.238532110091743 0
1.21393 7.444446 0.262068965517241 0
0.7044051 3.952381 0.581395348837209 0
0.9941521 3.8 0.619834710743802 0
0.9973432 11.09524 1.53846153846154 0
0.5018947 5.83534 0.534883720930233 0
1.5 10 2.14285714285714 0
0.8802034 8.173913 0.822222222222222 0
0.714286 4 0.538461538461538 0
1.015625 4 0.5625 0
0.5803572 2.285714 0.481481481481481 0
0.7275131 1.928571 0.545454545454545 0
2 6 0.782608695652174 0
0.7497805 1.970589 0.636363636363636 0
0.8363637 2.2 0.753623188405797 0
0.9749998 2.8 0.811111111111111 0
1.4 7.4 1 0
0.4074074 3.351852 0.305263157894737 0
0.9138656 9.714286 0.3 0
0.4047619 2.333333 0.40495867768595 0
0.9012606 4.857143 0.891891891891892 0
0.5993118 2.092593 0.796875 0
0.4301074 2.066667 0.333333333333333 0
0.5555557 4.814815 0.376344086021505 0
0.2232705 8.833333 0.231270358306189 0
0.2222222 8 0.23037542662116 0
0.5819595 7.583333 0.584905660377358 0
1.142857 35 0.835294117647059 0
1.015625 4 0.481481481481481 0
1.045455 4.400001 0.506849315068493 0
0.4408718 4.716667 0.431818181818182 0
1.333333 9 0.520833333333333 0
0.8913043 3.833334 0.521739130434783 0
0.8802034 8.173913 0.557377049180328 0
0.6253968 6.428572 0.581395348837209 0
1.067323 6.214286 0.739130434782609 0
0.612 5 0.382978723404255 0
1.207243 10.14286 0.526315789473684 0
0.8000001 4.333333 0.580645161290323 0
0.6869611 7.25 0.482517482517483 0
0.5786175 4.428571 0.414814814814815 0
0.9413581 5 0.394366197183099 0
0.8250001 5 0.571428571428571 0
0.7588692 3.727273 0.588815789473684 0
0.6060607 1.833333 0.605140186915888 0
1 4.5625 0.8 0
0.9920633 8.166667 0.672727272727273 0
1.272727 11 1.4 0
1.244477 13.85714 1.17391304347826 0
0.8008655 6.787879 0.457142857142857 0
0.7916669 8.833334 0.361702127659574 0
0.5609755 5.000001 0.442307692307692 0
0.6062626 4.157895 0.597938144329897 0
